{
 "cells": [
  {
   "cell_type": "code",
   "execution_count": 1,
   "metadata": {},
   "outputs": [
    {
     "data": {
      "text/html": [
       "<div>\n",
       "<style scoped>\n",
       "    .dataframe tbody tr th:only-of-type {\n",
       "        vertical-align: middle;\n",
       "    }\n",
       "\n",
       "    .dataframe tbody tr th {\n",
       "        vertical-align: top;\n",
       "    }\n",
       "\n",
       "    .dataframe thead th {\n",
       "        text-align: right;\n",
       "    }\n",
       "</style>\n",
       "<table border=\"1\" class=\"dataframe\">\n",
       "  <thead>\n",
       "    <tr style=\"text-align: right;\">\n",
       "      <th></th>\n",
       "      <th>Diabetes_012</th>\n",
       "      <th>HighBP</th>\n",
       "      <th>HighChol</th>\n",
       "      <th>CholCheck</th>\n",
       "      <th>BMI</th>\n",
       "      <th>Smoker</th>\n",
       "      <th>Stroke</th>\n",
       "      <th>HeartDiseaseorAttack</th>\n",
       "      <th>PhysActivity</th>\n",
       "      <th>Fruits</th>\n",
       "      <th>...</th>\n",
       "      <th>AnyHealthcare</th>\n",
       "      <th>NoDocbcCost</th>\n",
       "      <th>GenHlth</th>\n",
       "      <th>MentHlth</th>\n",
       "      <th>PhysHlth</th>\n",
       "      <th>DiffWalk</th>\n",
       "      <th>Sex</th>\n",
       "      <th>Age</th>\n",
       "      <th>Education</th>\n",
       "      <th>Income</th>\n",
       "    </tr>\n",
       "  </thead>\n",
       "  <tbody>\n",
       "    <tr>\n",
       "      <th>Diabetes_012</th>\n",
       "      <td>1.000000</td>\n",
       "      <td>0.269086</td>\n",
       "      <td>0.207435</td>\n",
       "      <td>0.072222</td>\n",
       "      <td>0.211801</td>\n",
       "      <td>0.058910</td>\n",
       "      <td>0.102715</td>\n",
       "      <td>0.177432</td>\n",
       "      <td>-0.151657</td>\n",
       "      <td>-0.030489</td>\n",
       "      <td>...</td>\n",
       "      <td>0.026366</td>\n",
       "      <td>0.016355</td>\n",
       "      <td>0.288377</td>\n",
       "      <td>0.039154</td>\n",
       "      <td>0.163922</td>\n",
       "      <td>0.216233</td>\n",
       "      <td>0.033815</td>\n",
       "      <td>0.198600</td>\n",
       "      <td>-0.108539</td>\n",
       "      <td>-0.160146</td>\n",
       "    </tr>\n",
       "    <tr>\n",
       "      <th>HighBP</th>\n",
       "      <td>0.269086</td>\n",
       "      <td>1.000000</td>\n",
       "      <td>0.283285</td>\n",
       "      <td>0.099415</td>\n",
       "      <td>0.213951</td>\n",
       "      <td>0.099570</td>\n",
       "      <td>0.126594</td>\n",
       "      <td>0.203191</td>\n",
       "      <td>-0.132253</td>\n",
       "      <td>-0.031542</td>\n",
       "      <td>...</td>\n",
       "      <td>0.049833</td>\n",
       "      <td>-0.007477</td>\n",
       "      <td>0.281555</td>\n",
       "      <td>0.011743</td>\n",
       "      <td>0.140946</td>\n",
       "      <td>0.208262</td>\n",
       "      <td>0.067557</td>\n",
       "      <td>0.345390</td>\n",
       "      <td>-0.106342</td>\n",
       "      <td>-0.150292</td>\n",
       "    </tr>\n",
       "    <tr>\n",
       "      <th>HighChol</th>\n",
       "      <td>0.207435</td>\n",
       "      <td>0.283285</td>\n",
       "      <td>1.000000</td>\n",
       "      <td>0.098558</td>\n",
       "      <td>0.087188</td>\n",
       "      <td>0.082402</td>\n",
       "      <td>0.085947</td>\n",
       "      <td>0.170668</td>\n",
       "      <td>-0.076648</td>\n",
       "      <td>-0.024408</td>\n",
       "      <td>...</td>\n",
       "      <td>0.056505</td>\n",
       "      <td>-0.012307</td>\n",
       "      <td>0.187101</td>\n",
       "      <td>0.019851</td>\n",
       "      <td>0.104846</td>\n",
       "      <td>0.127667</td>\n",
       "      <td>0.029081</td>\n",
       "      <td>0.287937</td>\n",
       "      <td>-0.035434</td>\n",
       "      <td>-0.068196</td>\n",
       "    </tr>\n",
       "    <tr>\n",
       "      <th>CholCheck</th>\n",
       "      <td>0.072222</td>\n",
       "      <td>0.099415</td>\n",
       "      <td>0.098558</td>\n",
       "      <td>1.000000</td>\n",
       "      <td>0.036226</td>\n",
       "      <td>-0.012874</td>\n",
       "      <td>0.025386</td>\n",
       "      <td>0.043867</td>\n",
       "      <td>-0.008454</td>\n",
       "      <td>0.024951</td>\n",
       "      <td>...</td>\n",
       "      <td>0.154640</td>\n",
       "      <td>-0.071406</td>\n",
       "      <td>0.042176</td>\n",
       "      <td>-0.015560</td>\n",
       "      <td>0.031339</td>\n",
       "      <td>0.044966</td>\n",
       "      <td>-0.048143</td>\n",
       "      <td>0.102707</td>\n",
       "      <td>0.030341</td>\n",
       "      <td>0.021765</td>\n",
       "    </tr>\n",
       "    <tr>\n",
       "      <th>BMI</th>\n",
       "      <td>0.211801</td>\n",
       "      <td>0.213951</td>\n",
       "      <td>0.087188</td>\n",
       "      <td>0.036226</td>\n",
       "      <td>1.000000</td>\n",
       "      <td>0.016289</td>\n",
       "      <td>0.010241</td>\n",
       "      <td>0.039518</td>\n",
       "      <td>-0.163979</td>\n",
       "      <td>-0.089897</td>\n",
       "      <td>...</td>\n",
       "      <td>-0.009609</td>\n",
       "      <td>0.048165</td>\n",
       "      <td>0.254835</td>\n",
       "      <td>0.088455</td>\n",
       "      <td>0.120976</td>\n",
       "      <td>0.199165</td>\n",
       "      <td>0.007928</td>\n",
       "      <td>-0.050161</td>\n",
       "      <td>-0.098964</td>\n",
       "      <td>-0.102487</td>\n",
       "    </tr>\n",
       "    <tr>\n",
       "      <th>Smoker</th>\n",
       "      <td>0.058910</td>\n",
       "      <td>0.099570</td>\n",
       "      <td>0.082402</td>\n",
       "      <td>-0.012874</td>\n",
       "      <td>0.016289</td>\n",
       "      <td>1.000000</td>\n",
       "      <td>0.057064</td>\n",
       "      <td>0.111283</td>\n",
       "      <td>-0.093729</td>\n",
       "      <td>-0.071277</td>\n",
       "      <td>...</td>\n",
       "      <td>-0.023686</td>\n",
       "      <td>0.046932</td>\n",
       "      <td>0.166432</td>\n",
       "      <td>0.084626</td>\n",
       "      <td>0.113428</td>\n",
       "      <td>0.123640</td>\n",
       "      <td>0.073719</td>\n",
       "      <td>0.123354</td>\n",
       "      <td>-0.178179</td>\n",
       "      <td>-0.148127</td>\n",
       "    </tr>\n",
       "    <tr>\n",
       "      <th>Stroke</th>\n",
       "      <td>0.102715</td>\n",
       "      <td>0.126594</td>\n",
       "      <td>0.085947</td>\n",
       "      <td>0.025386</td>\n",
       "      <td>0.010241</td>\n",
       "      <td>0.057064</td>\n",
       "      <td>1.000000</td>\n",
       "      <td>0.177667</td>\n",
       "      <td>-0.078759</td>\n",
       "      <td>-0.000428</td>\n",
       "      <td>...</td>\n",
       "      <td>0.015463</td>\n",
       "      <td>0.021849</td>\n",
       "      <td>0.159723</td>\n",
       "      <td>0.045176</td>\n",
       "      <td>0.131955</td>\n",
       "      <td>0.162562</td>\n",
       "      <td>0.001288</td>\n",
       "      <td>0.128892</td>\n",
       "      <td>-0.061672</td>\n",
       "      <td>-0.115004</td>\n",
       "    </tr>\n",
       "    <tr>\n",
       "      <th>HeartDiseaseorAttack</th>\n",
       "      <td>0.177432</td>\n",
       "      <td>0.203191</td>\n",
       "      <td>0.170668</td>\n",
       "      <td>0.043867</td>\n",
       "      <td>0.039518</td>\n",
       "      <td>0.111283</td>\n",
       "      <td>0.177667</td>\n",
       "      <td>1.000000</td>\n",
       "      <td>-0.097710</td>\n",
       "      <td>-0.006846</td>\n",
       "      <td>...</td>\n",
       "      <td>0.025104</td>\n",
       "      <td>0.014479</td>\n",
       "      <td>0.239646</td>\n",
       "      <td>0.034660</td>\n",
       "      <td>0.170468</td>\n",
       "      <td>0.194299</td>\n",
       "      <td>0.085596</td>\n",
       "      <td>0.223501</td>\n",
       "      <td>-0.080808</td>\n",
       "      <td>-0.124740</td>\n",
       "    </tr>\n",
       "    <tr>\n",
       "      <th>PhysActivity</th>\n",
       "      <td>-0.151657</td>\n",
       "      <td>-0.132253</td>\n",
       "      <td>-0.076648</td>\n",
       "      <td>-0.008454</td>\n",
       "      <td>-0.163979</td>\n",
       "      <td>-0.093729</td>\n",
       "      <td>-0.078759</td>\n",
       "      <td>-0.097710</td>\n",
       "      <td>1.000000</td>\n",
       "      <td>0.118245</td>\n",
       "      <td>...</td>\n",
       "      <td>0.024926</td>\n",
       "      <td>-0.050100</td>\n",
       "      <td>-0.284207</td>\n",
       "      <td>-0.116034</td>\n",
       "      <td>-0.248385</td>\n",
       "      <td>-0.284294</td>\n",
       "      <td>0.058629</td>\n",
       "      <td>-0.119369</td>\n",
       "      <td>0.211932</td>\n",
       "      <td>0.239828</td>\n",
       "    </tr>\n",
       "    <tr>\n",
       "      <th>Fruits</th>\n",
       "      <td>-0.030489</td>\n",
       "      <td>-0.031542</td>\n",
       "      <td>-0.024408</td>\n",
       "      <td>0.024951</td>\n",
       "      <td>-0.089897</td>\n",
       "      <td>-0.071277</td>\n",
       "      <td>-0.000428</td>\n",
       "      <td>-0.006846</td>\n",
       "      <td>0.118245</td>\n",
       "      <td>1.000000</td>\n",
       "      <td>...</td>\n",
       "      <td>0.019495</td>\n",
       "      <td>-0.029629</td>\n",
       "      <td>-0.082256</td>\n",
       "      <td>-0.058411</td>\n",
       "      <td>-0.032673</td>\n",
       "      <td>-0.029691</td>\n",
       "      <td>-0.053992</td>\n",
       "      <td>0.071838</td>\n",
       "      <td>0.087289</td>\n",
       "      <td>0.053229</td>\n",
       "    </tr>\n",
       "    <tr>\n",
       "      <th>Veggies</th>\n",
       "      <td>-0.047853</td>\n",
       "      <td>-0.036013</td>\n",
       "      <td>-0.031931</td>\n",
       "      <td>0.017397</td>\n",
       "      <td>-0.047900</td>\n",
       "      <td>-0.016522</td>\n",
       "      <td>-0.024646</td>\n",
       "      <td>-0.024645</td>\n",
       "      <td>0.136527</td>\n",
       "      <td>0.215982</td>\n",
       "      <td>...</td>\n",
       "      <td>0.033485</td>\n",
       "      <td>-0.029406</td>\n",
       "      <td>-0.106095</td>\n",
       "      <td>-0.044501</td>\n",
       "      <td>-0.058647</td>\n",
       "      <td>-0.067165</td>\n",
       "      <td>-0.046652</td>\n",
       "      <td>0.003812</td>\n",
       "      <td>0.129723</td>\n",
       "      <td>0.138922</td>\n",
       "    </tr>\n",
       "    <tr>\n",
       "      <th>HvyAlcoholConsump</th>\n",
       "      <td>-0.058904</td>\n",
       "      <td>-0.003424</td>\n",
       "      <td>-0.014275</td>\n",
       "      <td>-0.028933</td>\n",
       "      <td>-0.032644</td>\n",
       "      <td>0.098949</td>\n",
       "      <td>-0.013768</td>\n",
       "      <td>-0.028314</td>\n",
       "      <td>0.014532</td>\n",
       "      <td>-0.042936</td>\n",
       "      <td>...</td>\n",
       "      <td>-0.016603</td>\n",
       "      <td>0.012248</td>\n",
       "      <td>-0.026891</td>\n",
       "      <td>0.039659</td>\n",
       "      <td>-0.019905</td>\n",
       "      <td>-0.032411</td>\n",
       "      <td>-0.005899</td>\n",
       "      <td>-0.050739</td>\n",
       "      <td>0.011594</td>\n",
       "      <td>0.046332</td>\n",
       "    </tr>\n",
       "    <tr>\n",
       "      <th>AnyHealthcare</th>\n",
       "      <td>0.026366</td>\n",
       "      <td>0.049833</td>\n",
       "      <td>0.056505</td>\n",
       "      <td>0.154640</td>\n",
       "      <td>-0.009609</td>\n",
       "      <td>-0.023686</td>\n",
       "      <td>0.015463</td>\n",
       "      <td>0.025104</td>\n",
       "      <td>0.024926</td>\n",
       "      <td>0.019495</td>\n",
       "      <td>...</td>\n",
       "      <td>1.000000</td>\n",
       "      <td>-0.253021</td>\n",
       "      <td>-0.023631</td>\n",
       "      <td>-0.043263</td>\n",
       "      <td>-0.003142</td>\n",
       "      <td>0.020997</td>\n",
       "      <td>-0.026759</td>\n",
       "      <td>0.139668</td>\n",
       "      <td>0.140763</td>\n",
       "      <td>0.133323</td>\n",
       "    </tr>\n",
       "    <tr>\n",
       "      <th>NoDocbcCost</th>\n",
       "      <td>0.016355</td>\n",
       "      <td>-0.007477</td>\n",
       "      <td>-0.012307</td>\n",
       "      <td>-0.071406</td>\n",
       "      <td>0.048165</td>\n",
       "      <td>0.046932</td>\n",
       "      <td>0.021849</td>\n",
       "      <td>0.014479</td>\n",
       "      <td>-0.050100</td>\n",
       "      <td>-0.029629</td>\n",
       "      <td>...</td>\n",
       "      <td>-0.253021</td>\n",
       "      <td>1.000000</td>\n",
       "      <td>0.134446</td>\n",
       "      <td>0.189339</td>\n",
       "      <td>0.118846</td>\n",
       "      <td>0.082661</td>\n",
       "      <td>-0.034770</td>\n",
       "      <td>-0.135779</td>\n",
       "      <td>-0.095920</td>\n",
       "      <td>-0.171967</td>\n",
       "    </tr>\n",
       "    <tr>\n",
       "      <th>GenHlth</th>\n",
       "      <td>0.288377</td>\n",
       "      <td>0.281555</td>\n",
       "      <td>0.187101</td>\n",
       "      <td>0.042176</td>\n",
       "      <td>0.254835</td>\n",
       "      <td>0.166432</td>\n",
       "      <td>0.159723</td>\n",
       "      <td>0.239646</td>\n",
       "      <td>-0.284207</td>\n",
       "      <td>-0.082256</td>\n",
       "      <td>...</td>\n",
       "      <td>-0.023631</td>\n",
       "      <td>0.134446</td>\n",
       "      <td>1.000000</td>\n",
       "      <td>0.263020</td>\n",
       "      <td>0.498622</td>\n",
       "      <td>0.418489</td>\n",
       "      <td>-0.012168</td>\n",
       "      <td>0.155020</td>\n",
       "      <td>-0.235797</td>\n",
       "      <td>-0.338118</td>\n",
       "    </tr>\n",
       "    <tr>\n",
       "      <th>MentHlth</th>\n",
       "      <td>0.039154</td>\n",
       "      <td>0.011743</td>\n",
       "      <td>0.019851</td>\n",
       "      <td>-0.015560</td>\n",
       "      <td>0.088455</td>\n",
       "      <td>0.084626</td>\n",
       "      <td>0.045176</td>\n",
       "      <td>0.034660</td>\n",
       "      <td>-0.116034</td>\n",
       "      <td>-0.058411</td>\n",
       "      <td>...</td>\n",
       "      <td>-0.043263</td>\n",
       "      <td>0.189339</td>\n",
       "      <td>0.263020</td>\n",
       "      <td>1.000000</td>\n",
       "      <td>0.306301</td>\n",
       "      <td>0.171500</td>\n",
       "      <td>-0.103877</td>\n",
       "      <td>-0.164860</td>\n",
       "      <td>-0.065938</td>\n",
       "      <td>-0.170555</td>\n",
       "    </tr>\n",
       "    <tr>\n",
       "      <th>PhysHlth</th>\n",
       "      <td>0.163922</td>\n",
       "      <td>0.140946</td>\n",
       "      <td>0.104846</td>\n",
       "      <td>0.031339</td>\n",
       "      <td>0.120976</td>\n",
       "      <td>0.113428</td>\n",
       "      <td>0.131955</td>\n",
       "      <td>0.170468</td>\n",
       "      <td>-0.248385</td>\n",
       "      <td>-0.032673</td>\n",
       "      <td>...</td>\n",
       "      <td>-0.003142</td>\n",
       "      <td>0.118846</td>\n",
       "      <td>0.498622</td>\n",
       "      <td>0.306301</td>\n",
       "      <td>1.000000</td>\n",
       "      <td>0.440946</td>\n",
       "      <td>-0.037827</td>\n",
       "      <td>0.094654</td>\n",
       "      <td>-0.130688</td>\n",
       "      <td>-0.240233</td>\n",
       "    </tr>\n",
       "    <tr>\n",
       "      <th>DiffWalk</th>\n",
       "      <td>0.216233</td>\n",
       "      <td>0.208262</td>\n",
       "      <td>0.127667</td>\n",
       "      <td>0.044966</td>\n",
       "      <td>0.199165</td>\n",
       "      <td>0.123640</td>\n",
       "      <td>0.162562</td>\n",
       "      <td>0.194299</td>\n",
       "      <td>-0.284294</td>\n",
       "      <td>-0.029691</td>\n",
       "      <td>...</td>\n",
       "      <td>0.020997</td>\n",
       "      <td>0.082661</td>\n",
       "      <td>0.418489</td>\n",
       "      <td>0.171500</td>\n",
       "      <td>0.440946</td>\n",
       "      <td>1.000000</td>\n",
       "      <td>-0.067492</td>\n",
       "      <td>0.226903</td>\n",
       "      <td>-0.166665</td>\n",
       "      <td>-0.299527</td>\n",
       "    </tr>\n",
       "    <tr>\n",
       "      <th>Sex</th>\n",
       "      <td>0.033815</td>\n",
       "      <td>0.067557</td>\n",
       "      <td>0.029081</td>\n",
       "      <td>-0.048143</td>\n",
       "      <td>0.007928</td>\n",
       "      <td>0.073719</td>\n",
       "      <td>0.001288</td>\n",
       "      <td>0.085596</td>\n",
       "      <td>0.058629</td>\n",
       "      <td>-0.053992</td>\n",
       "      <td>...</td>\n",
       "      <td>-0.026759</td>\n",
       "      <td>-0.034770</td>\n",
       "      <td>-0.012168</td>\n",
       "      <td>-0.103877</td>\n",
       "      <td>-0.037827</td>\n",
       "      <td>-0.067492</td>\n",
       "      <td>1.000000</td>\n",
       "      <td>-0.024713</td>\n",
       "      <td>-0.015421</td>\n",
       "      <td>0.121719</td>\n",
       "    </tr>\n",
       "    <tr>\n",
       "      <th>Age</th>\n",
       "      <td>0.198600</td>\n",
       "      <td>0.345390</td>\n",
       "      <td>0.287937</td>\n",
       "      <td>0.102707</td>\n",
       "      <td>-0.050161</td>\n",
       "      <td>0.123354</td>\n",
       "      <td>0.128892</td>\n",
       "      <td>0.223501</td>\n",
       "      <td>-0.119369</td>\n",
       "      <td>0.071838</td>\n",
       "      <td>...</td>\n",
       "      <td>0.139668</td>\n",
       "      <td>-0.135779</td>\n",
       "      <td>0.155020</td>\n",
       "      <td>-0.164860</td>\n",
       "      <td>0.094654</td>\n",
       "      <td>0.226903</td>\n",
       "      <td>-0.024713</td>\n",
       "      <td>1.000000</td>\n",
       "      <td>-0.050864</td>\n",
       "      <td>-0.130446</td>\n",
       "    </tr>\n",
       "    <tr>\n",
       "      <th>Education</th>\n",
       "      <td>-0.108539</td>\n",
       "      <td>-0.106342</td>\n",
       "      <td>-0.035434</td>\n",
       "      <td>0.030341</td>\n",
       "      <td>-0.098964</td>\n",
       "      <td>-0.178179</td>\n",
       "      <td>-0.061672</td>\n",
       "      <td>-0.080808</td>\n",
       "      <td>0.211932</td>\n",
       "      <td>0.087289</td>\n",
       "      <td>...</td>\n",
       "      <td>0.140763</td>\n",
       "      <td>-0.095920</td>\n",
       "      <td>-0.235797</td>\n",
       "      <td>-0.065938</td>\n",
       "      <td>-0.130688</td>\n",
       "      <td>-0.166665</td>\n",
       "      <td>-0.015421</td>\n",
       "      <td>-0.050864</td>\n",
       "      <td>1.000000</td>\n",
       "      <td>0.427348</td>\n",
       "    </tr>\n",
       "    <tr>\n",
       "      <th>Income</th>\n",
       "      <td>-0.160146</td>\n",
       "      <td>-0.150292</td>\n",
       "      <td>-0.068196</td>\n",
       "      <td>0.021765</td>\n",
       "      <td>-0.102487</td>\n",
       "      <td>-0.148127</td>\n",
       "      <td>-0.115004</td>\n",
       "      <td>-0.124740</td>\n",
       "      <td>0.239828</td>\n",
       "      <td>0.053229</td>\n",
       "      <td>...</td>\n",
       "      <td>0.133323</td>\n",
       "      <td>-0.171967</td>\n",
       "      <td>-0.338118</td>\n",
       "      <td>-0.170555</td>\n",
       "      <td>-0.240233</td>\n",
       "      <td>-0.299527</td>\n",
       "      <td>0.121719</td>\n",
       "      <td>-0.130446</td>\n",
       "      <td>0.427348</td>\n",
       "      <td>1.000000</td>\n",
       "    </tr>\n",
       "  </tbody>\n",
       "</table>\n",
       "<p>22 rows × 22 columns</p>\n",
       "</div>"
      ],
      "text/plain": [
       "                      Diabetes_012    HighBP  HighChol  CholCheck       BMI  \\\n",
       "Diabetes_012              1.000000  0.269086  0.207435   0.072222  0.211801   \n",
       "HighBP                    0.269086  1.000000  0.283285   0.099415  0.213951   \n",
       "HighChol                  0.207435  0.283285  1.000000   0.098558  0.087188   \n",
       "CholCheck                 0.072222  0.099415  0.098558   1.000000  0.036226   \n",
       "BMI                       0.211801  0.213951  0.087188   0.036226  1.000000   \n",
       "Smoker                    0.058910  0.099570  0.082402  -0.012874  0.016289   \n",
       "Stroke                    0.102715  0.126594  0.085947   0.025386  0.010241   \n",
       "HeartDiseaseorAttack      0.177432  0.203191  0.170668   0.043867  0.039518   \n",
       "PhysActivity             -0.151657 -0.132253 -0.076648  -0.008454 -0.163979   \n",
       "Fruits                   -0.030489 -0.031542 -0.024408   0.024951 -0.089897   \n",
       "Veggies                  -0.047853 -0.036013 -0.031931   0.017397 -0.047900   \n",
       "HvyAlcoholConsump        -0.058904 -0.003424 -0.014275  -0.028933 -0.032644   \n",
       "AnyHealthcare             0.026366  0.049833  0.056505   0.154640 -0.009609   \n",
       "NoDocbcCost               0.016355 -0.007477 -0.012307  -0.071406  0.048165   \n",
       "GenHlth                   0.288377  0.281555  0.187101   0.042176  0.254835   \n",
       "MentHlth                  0.039154  0.011743  0.019851  -0.015560  0.088455   \n",
       "PhysHlth                  0.163922  0.140946  0.104846   0.031339  0.120976   \n",
       "DiffWalk                  0.216233  0.208262  0.127667   0.044966  0.199165   \n",
       "Sex                       0.033815  0.067557  0.029081  -0.048143  0.007928   \n",
       "Age                       0.198600  0.345390  0.287937   0.102707 -0.050161   \n",
       "Education                -0.108539 -0.106342 -0.035434   0.030341 -0.098964   \n",
       "Income                   -0.160146 -0.150292 -0.068196   0.021765 -0.102487   \n",
       "\n",
       "                        Smoker    Stroke  HeartDiseaseorAttack  PhysActivity  \\\n",
       "Diabetes_012          0.058910  0.102715              0.177432     -0.151657   \n",
       "HighBP                0.099570  0.126594              0.203191     -0.132253   \n",
       "HighChol              0.082402  0.085947              0.170668     -0.076648   \n",
       "CholCheck            -0.012874  0.025386              0.043867     -0.008454   \n",
       "BMI                   0.016289  0.010241              0.039518     -0.163979   \n",
       "Smoker                1.000000  0.057064              0.111283     -0.093729   \n",
       "Stroke                0.057064  1.000000              0.177667     -0.078759   \n",
       "HeartDiseaseorAttack  0.111283  0.177667              1.000000     -0.097710   \n",
       "PhysActivity         -0.093729 -0.078759             -0.097710      1.000000   \n",
       "Fruits               -0.071277 -0.000428             -0.006846      0.118245   \n",
       "Veggies              -0.016522 -0.024646             -0.024645      0.136527   \n",
       "HvyAlcoholConsump     0.098949 -0.013768             -0.028314      0.014532   \n",
       "AnyHealthcare        -0.023686  0.015463              0.025104      0.024926   \n",
       "NoDocbcCost           0.046932  0.021849              0.014479     -0.050100   \n",
       "GenHlth               0.166432  0.159723              0.239646     -0.284207   \n",
       "MentHlth              0.084626  0.045176              0.034660     -0.116034   \n",
       "PhysHlth              0.113428  0.131955              0.170468     -0.248385   \n",
       "DiffWalk              0.123640  0.162562              0.194299     -0.284294   \n",
       "Sex                   0.073719  0.001288              0.085596      0.058629   \n",
       "Age                   0.123354  0.128892              0.223501     -0.119369   \n",
       "Education            -0.178179 -0.061672             -0.080808      0.211932   \n",
       "Income               -0.148127 -0.115004             -0.124740      0.239828   \n",
       "\n",
       "                        Fruits  ...  AnyHealthcare  NoDocbcCost   GenHlth  \\\n",
       "Diabetes_012         -0.030489  ...       0.026366     0.016355  0.288377   \n",
       "HighBP               -0.031542  ...       0.049833    -0.007477  0.281555   \n",
       "HighChol             -0.024408  ...       0.056505    -0.012307  0.187101   \n",
       "CholCheck             0.024951  ...       0.154640    -0.071406  0.042176   \n",
       "BMI                  -0.089897  ...      -0.009609     0.048165  0.254835   \n",
       "Smoker               -0.071277  ...      -0.023686     0.046932  0.166432   \n",
       "Stroke               -0.000428  ...       0.015463     0.021849  0.159723   \n",
       "HeartDiseaseorAttack -0.006846  ...       0.025104     0.014479  0.239646   \n",
       "PhysActivity          0.118245  ...       0.024926    -0.050100 -0.284207   \n",
       "Fruits                1.000000  ...       0.019495    -0.029629 -0.082256   \n",
       "Veggies               0.215982  ...       0.033485    -0.029406 -0.106095   \n",
       "HvyAlcoholConsump    -0.042936  ...      -0.016603     0.012248 -0.026891   \n",
       "AnyHealthcare         0.019495  ...       1.000000    -0.253021 -0.023631   \n",
       "NoDocbcCost          -0.029629  ...      -0.253021     1.000000  0.134446   \n",
       "GenHlth              -0.082256  ...      -0.023631     0.134446  1.000000   \n",
       "MentHlth             -0.058411  ...      -0.043263     0.189339  0.263020   \n",
       "PhysHlth             -0.032673  ...      -0.003142     0.118846  0.498622   \n",
       "DiffWalk             -0.029691  ...       0.020997     0.082661  0.418489   \n",
       "Sex                  -0.053992  ...      -0.026759    -0.034770 -0.012168   \n",
       "Age                   0.071838  ...       0.139668    -0.135779  0.155020   \n",
       "Education             0.087289  ...       0.140763    -0.095920 -0.235797   \n",
       "Income                0.053229  ...       0.133323    -0.171967 -0.338118   \n",
       "\n",
       "                      MentHlth  PhysHlth  DiffWalk       Sex       Age  \\\n",
       "Diabetes_012          0.039154  0.163922  0.216233  0.033815  0.198600   \n",
       "HighBP                0.011743  0.140946  0.208262  0.067557  0.345390   \n",
       "HighChol              0.019851  0.104846  0.127667  0.029081  0.287937   \n",
       "CholCheck            -0.015560  0.031339  0.044966 -0.048143  0.102707   \n",
       "BMI                   0.088455  0.120976  0.199165  0.007928 -0.050161   \n",
       "Smoker                0.084626  0.113428  0.123640  0.073719  0.123354   \n",
       "Stroke                0.045176  0.131955  0.162562  0.001288  0.128892   \n",
       "HeartDiseaseorAttack  0.034660  0.170468  0.194299  0.085596  0.223501   \n",
       "PhysActivity         -0.116034 -0.248385 -0.284294  0.058629 -0.119369   \n",
       "Fruits               -0.058411 -0.032673 -0.029691 -0.053992  0.071838   \n",
       "Veggies              -0.044501 -0.058647 -0.067165 -0.046652  0.003812   \n",
       "HvyAlcoholConsump     0.039659 -0.019905 -0.032411 -0.005899 -0.050739   \n",
       "AnyHealthcare        -0.043263 -0.003142  0.020997 -0.026759  0.139668   \n",
       "NoDocbcCost           0.189339  0.118846  0.082661 -0.034770 -0.135779   \n",
       "GenHlth               0.263020  0.498622  0.418489 -0.012168  0.155020   \n",
       "MentHlth              1.000000  0.306301  0.171500 -0.103877 -0.164860   \n",
       "PhysHlth              0.306301  1.000000  0.440946 -0.037827  0.094654   \n",
       "DiffWalk              0.171500  0.440946  1.000000 -0.067492  0.226903   \n",
       "Sex                  -0.103877 -0.037827 -0.067492  1.000000 -0.024713   \n",
       "Age                  -0.164860  0.094654  0.226903 -0.024713  1.000000   \n",
       "Education            -0.065938 -0.130688 -0.166665 -0.015421 -0.050864   \n",
       "Income               -0.170555 -0.240233 -0.299527  0.121719 -0.130446   \n",
       "\n",
       "                      Education    Income  \n",
       "Diabetes_012          -0.108539 -0.160146  \n",
       "HighBP                -0.106342 -0.150292  \n",
       "HighChol              -0.035434 -0.068196  \n",
       "CholCheck              0.030341  0.021765  \n",
       "BMI                   -0.098964 -0.102487  \n",
       "Smoker                -0.178179 -0.148127  \n",
       "Stroke                -0.061672 -0.115004  \n",
       "HeartDiseaseorAttack  -0.080808 -0.124740  \n",
       "PhysActivity           0.211932  0.239828  \n",
       "Fruits                 0.087289  0.053229  \n",
       "Veggies                0.129723  0.138922  \n",
       "HvyAlcoholConsump      0.011594  0.046332  \n",
       "AnyHealthcare          0.140763  0.133323  \n",
       "NoDocbcCost           -0.095920 -0.171967  \n",
       "GenHlth               -0.235797 -0.338118  \n",
       "MentHlth              -0.065938 -0.170555  \n",
       "PhysHlth              -0.130688 -0.240233  \n",
       "DiffWalk              -0.166665 -0.299527  \n",
       "Sex                   -0.015421  0.121719  \n",
       "Age                   -0.050864 -0.130446  \n",
       "Education              1.000000  0.427348  \n",
       "Income                 0.427348  1.000000  \n",
       "\n",
       "[22 rows x 22 columns]"
      ]
     },
     "execution_count": 1,
     "metadata": {},
     "output_type": "execute_result"
    }
   ],
   "source": [
    "import pandas as pd\n",
    "\n",
    "df = pd.read_csv(\"diabetes_012_health_indicators_BRFSS2021.csv\")\n",
    "\n",
    "correlation_matrix = df.corr()\n",
    "\n",
    "correlation_matrix"
   ]
  }
 ],
 "metadata": {
  "kernelspec": {
   "display_name": "bigdata2024",
   "language": "python",
   "name": "python3"
  },
  "language_info": {
   "codemirror_mode": {
    "name": "ipython",
    "version": 3
   },
   "file_extension": ".py",
   "mimetype": "text/x-python",
   "name": "python",
   "nbconvert_exporter": "python",
   "pygments_lexer": "ipython3",
   "version": "3.11.7"
  }
 },
 "nbformat": 4,
 "nbformat_minor": 2
}
